372
0
0
0
0
-0.1266688
9.05909
0
0
0
0
-0.2398483
4.779391
0
0
0
0
-0.1713202
6.68254
0
0
0
0
-0.09691329
11.82367
0
0
0
0
-0.1203313
9.526239
0
0
0
0
-0.1988102
5.759297
0
0
0
0
-0.166689
6.859855
0
0
0
0
-0.09065409
12.66495
0
0
0
0
-0.06255726
18.16738
0
0
0
0
-0.09891172
11.54306
0
0
0
0
-0.1506579
7.576922
0
0
0
0
-0.1701742
6.716146
0
0
0
0
-0.1186941
9.676525
0
0
0
0
-0.07132626
16.22193
0
0
0
0
-0.03956468
28.54577
0
0
0
0
-0.04845664
22.84945
0
0
0
0
-0.08392937
13.64044
0
0
0
0
-0.1153499
9.952903
0
0
0
0
-0.1440177
7.966974
0
0
0
0
-0.1282043
8.907377
0
0
0
0
-0.09891172
11.67806
0
0
0
0
-0.06852804
16.44212
0
0
0
0
-0.04423466
26.55248
0
0
0
0
-0.01978234
49.104
0
0
0
0
-0.02797646
42.44173
0
0
0
0
-0.04845664
23.99053
0
0
0
0
-0.06852804
16.98611
0
0
0
0
-0.08622923
13.28837
0
0
0
0
-0.1046783
10.99738
0
0
0
0
-0.1219466
9.432209
0
0
0
0
-0.1046783
10.89219
0
0
0
0
-0.08622923
13.36395
0
0
0
0
-0.0656106
17.12539
0
0
0
0
-0.04845664
23.63029
0
0
0
0
-0.02797646
37.61747
0
0
0
0
-0.01978234
65.2179
0
0
0
0
-0.01978234
51.22393
0
0
0
0
-0.03956468
28.74397
0
0
0
0
-0.05595291
19.94553
0
0
0
0
-0.07401875
15.24622
0
0
0
0
-0.09278741
12.30488
0
0
0
0
-0.1046783
10.88733
0
0
0
0
-0.08622923
13.42132
0
0
0
0
-0.0656106
17.58238
0
0
0
0
-0.04423466
25.72011
0
0
0
0
-0.01978234
49.00612
0
0
0
0
-0.01978234
51.00925
0
0
0
0
-0.04423466
25.99895
0
0
0
0
-0.06852804
16.77864
0
0
0
0
-0.09278741
12.24871
0
0
0
0
-0.09278741
12.33858
0
0
0
0
-0.0656106
17.40145
0
0
0
0
-0.03956468
30.61454
0
0
0
0
-0.02797646
36.7313
0
0
0
0
-0.05595291
20.41485
0
0
0
0
-0.09065409
12.62852
0
0
0
0
-0.09278741
12.28479
0
0
0
0
-0.05595291
20.27889
0
0
0
0
-0.03956468
27.57137
0
0
0
0
-0.06852804
16.73261
0
0
0
0
-0.1153499
9.913037
0
0
0
0
-0.07132626
16.1891
