174
0
0
0
0
-4.452675
2.573533
0
0
0
0
-2.031243
5.641469
0
0
0
0
-0.4873863
23.50779
0
0
0
0
0.7451985
15.37663
0
0
0
0
1.978233
5.792672
0
0
0
0
3.51218
3.262696
0
0
0
0
5.745319
1.994508
0
0
0
0
9.256419
1.237946
0
0
0
0
14.51505
0.7894493
0
0
0
0
19.57126
0.5855093
0
0
0
0
18.72135
0.6120726
0
0
0
0
13.42025
0.8538614
0
0
0
0
8.857496
1.293721
0
0
0
0
5.911186
1.938527
0
0
0
0
-5.259373
2.178794
0
0
0
0
-7.042805
1.627052
0
0
0
0
-9.150039
1.252358
0
0
0
0
-12.01447
0.953743
0
0
0
0
-15.68512
0.730543
0
0
0
0
-19.34965
0.5922087
0
0
0
0
-21.20982
0.5402653
0
0
0
0
-20.28216
0.5649741
0
0
0
0
-17.78711
0.6442385
0
0
0
0
-14.98124
0.7648767
0
0
0
0
-12.60204
0.9093115
0
0
0
0
-10.36677
1.105343
0
0
0
0
-8.632606
1.32741
0
0
0
0
-7.081914
1.618059
0
0
0
0
-5.935212
1.930674
