29 
-2.015079 
-0.0306989 
0 
-1.641658 
0.05324852 
0 
-1.473763 
0.2558803 
0 
-1.412974 
0.5424594 
0 
-1.33771 
0.9419335 
0 
-1.268236 
0.3166697 
0 
-1.082973 
-0.2043832 
0 
-0.7877097 
-0.708068 
0 
-0.5329726 
-0.9164892 
0 
-0.1450773 
-0.8412259 
0 
-0.03507729 
-0.1349096 
0 
-0.05823521 
0.3861436 
0 
-0.02928774 
0.9477229 
0 
0.06913321 
0.3687751 
0 
0.1038702 
0.0214064 
0 
0.1791335 
-0.4938573 
0 
0.3122914 
-0.7891207 
0 
0.6249232 
-0.8412259 
0 
0.9143973 
-0.8064891 
0 
1.088082 
-0.7312258 
0 
1.22124 
-0.4880677 
0 
1.283476 
-0.1739885 
0 
1.305187 
0.1690381 
0 
1.314234 
0.5609136 
0 
1.348608 
0.9303547 
0 
1.429299 
0.5703214 
0 
1.597556 
0.2703539 
0 
1.910187 
0.01561686 
0 
2.188082 
-0.05964631 
0 

29 -2.015079 -0.0306989 0 -1.641658 0.05324852 0 -1.473763 0.2558803 0 -1.412974 0.5424594 0 -1.33771 0.9419335 0 -1.268236 0.3166697 0 -1.082973 -0.2043832 0 -0.7877097 -0.708068 0 -0.5329726 -0.9164892 0 -0.1450773 -0.8412259 0 -0.03507729 -0.1349096 0 -0.05823521 0.3861436 0 -0.02928774 0.9477229 0 0.06913321 0.3687751 0 0.1038702 0.0214064 0 0.1791335 -0.4938573 0 0.3122914 -0.7891207 0 0.6249232 -0.8412259 0 0.9143973 -0.8064891 0 1.088082 -0.7312258 0 1.22124 -0.4880677 0 1.283476 -0.1739885 0 1.305187 0.1690381 0 1.314234 0.5609136 0 1.348608 0.9303547 0 1.429299 0.5703214 0 1.597556 0.2703539 0 1.910187 0.01561686 0 2.188082 -0.05964631 0 