52 
-1.959081 
-0.1160527 
0 
-1.775442 
-0.06153639 
0 
-1.615179 
-0.01364158 
0 
-1.462889 
0.01737721 
0 
-1.296204 
0.04378125 
0 
-1.051493 
0.06372704 
0 
-0.8607883 
0.05498168 
0 
-0.737367 
0.05498168 
0 
-0.6208407 
0.04737665 
0 
-0.5052401 
-0.01592243 
0 
-0.3680451 
-0.09885165 
0 
-0.2218065 
-0.2488514 
0 
-0.1955564 
-0.3448712 
0 
-0.1674958 
-0.5247334 
0 
-0.1764209 
-0.6755556 
0 
-0.344631 
-0.7778233 
0 
-0.5604298 
-0.8022193 
0 
-0.7318845 
-0.6652123 
0 
-0.7301361 
-0.5046088 
0 
-0.7077992 
-0.4172174 
0 
-0.6886888 
-0.3332926 
0 
-0.5321094 
-0.2117134 
0 
-0.351466 
-0.1043779 
0 
-0.2459213 
-0.0414474 
0 
0.1289591 
-0.04174381 
0 
0.3705385 
-0.03937536 
0 
0.8968157 
0.1192135 
0 
1.13764 
0.2353161 
0 
1.380848 
0.4711389 
0 
1.234745 
0.7113696 
0 
0.9434287 
0.7445276 
0 
0.7160598 
0.6805801 
0 
0.5715858 
0.4484744 
0 
0.661164 
0.1403627 
0 
0.836032 
-0.1704695 
0 
1.210996 
-0.5537525 
0 
1.420978 
-0.6530255 
0 
1.517331 
-0.7102696 
0 
1.811823 
-0.7459969 
0 
2.042175 
-0.636192 
0 
2.104031 
-0.5518396 
0 
2.153353 
-0.4865256 
0 
2.15892 
-0.2713635 
0 
2.063629 
-0.1416465 
0 
1.72341 
-0.02322525 
0 
1.280514 
-0.03980422 
0 
0.6493356 
0.02634515 
0 
0.211854 
0.124046 
0 
-0.4270182 
0.2718854 
0 
-1.023862 
0.2718854 
0 
-1.410705 
0.2534643 
0 
-2.041975 
0.2542107 
0 

52 -1.959081 -0.1160527 0 -1.775442 -0.06153639 0 -1.615179 -0.01364158 0 -1.462889 0.01737721 0 -1.296204 0.04378125 0 -1.051493 0.06372704 0 -0.8607883 0.05498168 0 -0.737367 0.05498168 0 -0.6208407 0.04737665 0 -0.5052401 -0.01592243 0 -0.3680451 -0.09885165 0 -0.2218065 -0.2488514 0 -0.1955564 -0.3448712 0 -0.1674958 -0.5247334 0 -0.1764209 -0.6755556 0 -0.344631 -0.7778233 0 -0.5604298 -0.8022193 0 -0.7318845 -0.6652123 0 -0.7301361 -0.5046088 0 -0.7077992 -0.4172174 0 -0.6886888 -0.3332926 0 -0.5321094 -0.2117134 0 -0.351466 -0.1043779 0 -0.2459213 -0.0414474 0 0.1289591 -0.04174381 0 0.3705385 -0.03937536 0 0.8968157 0.1192135 0 1.13764 0.2353161 0 1.380848 0.4711389 0 1.234745 0.7113696 0 0.9434287 0.7445276 0 0.7160598 0.6805801 0 0.5715858 0.4484744 0 0.661164 0.1403627 0 0.836032 -0.1704695 0 1.210996 -0.5537525 0 1.420978 -0.6530255 0 1.517331 -0.7102696 0 1.811823 -0.7459969 0 2.042175 -0.636192 0 2.104031 -0.5518396 0 2.153353 -0.4865256 0 2.15892 -0.2713635 0 2.063629 -0.1416465 0 1.72341 -0.02322525 0 1.280514 -0.03980422 0 0.6493356 0.02634515 0 0.211854 0.124046 0 -0.4270182 0.2718854 0 -1.023862 0.2718854 0 -1.410705 0.2534643 0 -2.041975 0.2542107 0 