60 
-1.960528 
-0.9789484 
0 
-1.75066 
-0.9687995 
0 
-1.522369 
-0.8624035 
0 
-1.395132 
-0.6787145 
0 
-1.295563 
-0.4839301 
0 
-1.119799 
-0.3271994 
0 
-1.106519 
-0.2728011 
0 
-1.018422 
-0.1526317 
0 
-0.9031249 
-0.03781135 
0 
-0.8236849 
0.06315786 
0 
-0.6733769 
0.1410154 
0 
-0.5389733 
0.2022113 
0 
-0.4031804 
0.24223 
0 
-0.2657898 
0.257895 
0 
0.0392755 
0.2784408 
0 
0.2492774 
0.2492506 
0 
0.4502494 
0.1979648 
0 
0.6561046 
0.127244 
0 
0.8562407 
-0.003839299 
0 
1.060527 
-0.2368424 
0 
1.209879 
-0.5119002 
0 
1.347281 
-0.6649784 
0 
1.456442 
-0.7692217 
0 
1.679799 
-0.8585752 
0 
1.952068 
-0.9300495 
0 
2.065284 
-0.9245177 
0 
2.407702 
-0.7588701 
0 
2.451846 
-0.5597389 
0 
2.441247 
-0.4427067 
0 
2.37295 
-0.212758 
0 
2.280739 
-0.09332636 
0 
2.028949 
0.08947381 
0 
1.818423 
0.09633702 
0 
1.639475 
0.08947381 
0 
1.540718 
0.01744677 
0 
1.454144 
-0.108332 
0 
1.371744 
-0.2685745 
0 
1.337206 
-0.3971299 
0 
1.252475 
-0.5222733 
0 
1.134537 
-0.6701788 
0 
0.923685 
-0.8684219 
0 
0.8020955 
-0.9200377 
0 
0.6663376 
-0.9657693 
0 
0.5188738 
-1.004575 
0 
0.3621686 
-1.035412 
0 
0.1986844 
-1.057238 
0 
0.03088444 
-1.069012 
0 
-0.1387682 
-1.06969 
0 
-0.307811 
-1.058233 
0 
-0.4737793 
-1.033596 
0 
-0.6342111 
-0.9947377 
0 
-0.7650533 
-0.9482951 
0 
-1.123685 
-0.6736849 
0 
-1.255642 
-0.5330424 
0 
-1.463017 
-0.272929 
0 
-1.631044 
-0.0440548 
0 
-1.693409 
0.02557677 
0 
-1.881755 
0.06369826 
0 
-2.011043 
0.07862043 
0 
-2.246856 
0.1003272 
0 

60 -1.960528 -0.9789484 0 -1.75066 -0.9687995 0 -1.522369 -0.8624035 0 -1.395132 -0.6787145 0 -1.295563 -0.4839301 0 -1.119799 -0.3271994 0 -1.106519 -0.2728011 0 -1.018422 -0.1526317 0 -0.9031249 -0.03781135 0 -0.8236849 0.06315786 0 -0.6733769 0.1410154 0 -0.5389733 0.2022113 0 -0.4031804 0.24223 0 -0.2657898 0.257895 0 0.0392755 0.2784408 0 0.2492774 0.2492506 0 0.4502494 0.1979648 0 0.6561046 0.127244 0 0.8562407 -0.003839299 0 1.060527 -0.2368424 0 1.209879 -0.5119002 0 1.347281 -0.6649784 0 1.456442 -0.7692217 0 1.679799 -0.8585752 0 1.952068 -0.9300495 0 2.065284 -0.9245177 0 2.407702 -0.7588701 0 2.451846 -0.5597389 0 2.441247 -0.4427067 0 2.37295 -0.212758 0 2.280739 -0.09332636 0 2.028949 0.08947381 0 1.818423 0.09633702 0 1.639475 0.08947381 0 1.540718 0.01744677 0 1.454144 -0.108332 0 1.371744 -0.2685745 0 1.337206 -0.3971299 0 1.252475 -0.5222733 0 1.134537 -0.6701788 0 0.923685 -0.8684219 0 0.8020955 -0.9200377 0 0.6663376 -0.9657693 0 0.5188738 -1.004575 0 0.3621686 -1.035412 0 0.1986844 -1.057238 0 0.03088444 -1.069012 0 -0.1387682 -1.06969 0 -0.307811 -1.058233 0 -0.4737793 -1.033596 0 -0.6342111 -0.9947377 0 -0.7650533 -0.9482951 0 -1.123685 -0.6736849 0 -1.255642 -0.5330424 0 -1.463017 -0.272929 0 -1.631044 -0.0440548 0 -1.693409 0.02557677 0 -1.881755 0.06369826 0 -2.011043 0.07862043 0 -2.246856 0.1003272 0 